street_level,time,velocity
1,1,22.0532319391635
1,2,34.82203389830509
1,3,32.75221238938053
1,4,37.101694915254235
1,5,31.416666666666668
1,6,37.0
1,7,26.0
1,8,44.265957446808514
1,9,47.678899082568805
1,10,41.34782608695652
1,11,34.07692307692308
1,12,45.130434782608695
1,13,48.86363636363637
1,14,48.77272727272727
1,15,49.0
1,16,48.1219512195122
1,17,44.68674698795181
1,18,39.01587301587302
1,19,48.0
1,20,18.0
1,21,46.08695652173913
1,22,48.18604651162791
1,23,22.9
1,24,24.088
1,25,15.054054054054054
1,26,16.270833333333332
1,27,29.193548387096776
1,28,25.986666666666668
1,29,47.9060773480663
1,30,47.75257731958763
1,31,48.24022346368715
1,32,46.273972602739725
1,36,6.666666666666667
1,39,1.0
1,45,52.04761904761905
1,46,41.13636363636363
1,48,31.14406779661017
2,1,20.488650360724968
2,2,21.495511669658885
2,3,17.506211180124225
2,4,16.743478260869566
2,5,24.86144578313253
2,6,25.90909090909091
2,7,26.259701492537314
2,8,30.620842572062084
2,9,38.9277108433735
2,10,28.01590457256461
2,11,23.07792207792208
2,12,15.487427466150871
2,13,17.97693574958814
2,14,15.656542056074766
2,15,17.88586956521739
2,16,20.838879159369526
2,17,15.764930114358323
2,18,8.224543080939947
2,19,5.1466498103666245
2,20,10.341628959276019
2,21,16.73346116970278
2,22,13.840688912809473
2,23,10.04551920341394
2,24,10.602
2,25,10.079617834394904
2,26,9.931192660550458
2,27,9.42142857142857
2,28,24.13738959764475
2,29,27.564967105263158
2,30,30.363901018922853
2,31,40.084848484848486
2,32,35.546436285097194
2,33,31.242105263157896
2,34,12.0
2,35,4.375
2,36,5.0
2,37,5.0
2,38,20.0
2,44,2.0
2,45,1.4210526315789473
2,46,20.821428571428573
2,47,33.08695652173913
2,48,19.809948979591837
3,1,20.27745161991737
3,2,24.954545454545453
3,3,17.991071428571427
3,4,24.160804020100503
3,5,29.081521739130434
3,6,49.21052631578947
3,7,31.13888888888889
3,8,42.41317365269461
3,9,32.77777777777778
3,10,44.74146341463415
3,11,42.34586466165413
3,12,45.49557522123894
3,13,53.8252427184466
3,14,57.46666666666667
3,15,52.62992125984252
3,16,61.07575757575758
3,17,35.53333333333333
3,18,28.73913043478261
3,19,18.454545454545453
3,20,32.67567567567568
3,21,32.40909090909091
3,22,28.43065693430657
3,23,21.9
3,24,23.745283018867923
3,25,17.2625
3,26,24.597560975609756
3,27,34.93452380952381
3,28,31.641975308641975
3,29,31.494444444444444
3,30,32.9277108433735
3,31,44.51094890510949
3,32,41.127906976744185
3,33,4.666666666666667
3,45,55.333333333333336
3,46,34.22222222222222
3,47,46.5
3,48,20.717569786535304
4,1,20.161737523105362
4,2,14.986531986531986
4,3,11.31413612565445
4,4,9.037769784172662
4,5,8.143794749403341
4,6,5.164722031571722
4,7,9.448375451263537
4,8,17.043153526970954
4,9,18.477572559366756
4,10,20.977443609022558
4,11,23.920367534456354
4,12,24.10843373493976
4,13,22.35483870967742
4,14,20.791530944625407
4,15,35.195286195286194
4,16,36.83686440677966
4,17,28.77710843373494
4,18,25.342323651452283
4,19,9.849270664505672
4,20,14.108910891089108
4,21,19.967633928571427
4,22,18.77028714107366
4,23,10.196915776986952
4,24,16.309067688378033
4,25,17.435643564356436
4,26,23.249520153550865
4,27,15.428838951310862
4,28,24.8399209486166
4,29,30.908653846153847
4,30,36.76196808510638
4,31,38.65089722675367
4,32,37.210653753026634
4,33,26.272727272727273
4,34,5.133333333333334
4,35,13.857142857142858
4,36,9.583333333333334
4,37,15.714285714285714
4,39,94.5
4,40,38.57142857142857
4,41,3.0
4,45,1.4444444444444444
4,46,11.507246376811594
4,47,36.734693877551024
4,48,20.679014817781336
